300 100 100 1
400 150 100 1
233 200 33 1
366 200 33 1
400 250 33 1
133 300 100 3
333 350 33 1
433 350 166 5
333 400 33 1
366 450 33 2
33 500 66 3
400 500 66 1
333 600 100 5
466 600 66 1
133 700 66 4
266 700 66 1
400 750 100 1
33 850 100 1
333 900 66 1
133 950 66 1
233 1000 66 1
433 1050 33 1
500 1150 33 1
433 1200 33 1
0 1250 200 5
300 1250 133 1
433 1250 100 5
233 1350 66 1
166 1450 33 2
66 1500 33 1
233 1500 166 4
33 1600 166 5
433 1600 66 1
500 1700 100 4
333 1800 133 3
200 1900 133 5
500 1900 66 1

