266 100 66 1
200 200 66 2
333 200 66 2
266 250 66 4
200 350 66 3
366 350 33 1
166 450 66 5
300 450 100 5
433 450 33 1
100 500 66 4
400 550 33 2
500 550 33 1
466 650 33 5
500 650 33 1
566 650 33 5
166 700 66 1
400 750 200 3
100 800 33 1
266 800 66 1
133 900 33 1
333 900 66 4
33 950 33 2
433 950 100 4
166 1000 33 2
100 1050 33 1
400 1100 200 3
33 1150 33 1
100 1200 33 1
166 1200 33 2
300 1200 100 3
33 1300 66 5
200 1300 100 5
400 1300 66 5
66 1400 33 5
133 1400 33 5
100 1450 33 5
166 1500 66 5
300 1500 33 1
400 1500 66 2
500 1500 33 1
133 1600 100 1
266 1600 100 1
400 1600 100 1
66 1700 100 4
233 1700 33 1
366 1700 33 3
233 1850 33 1
100 1950 100 1
400 1950 33 2
466 1950 33 1
533 1950 33 2
33 2050 100 4
200 2050 100 4
0 2150 33 5
133 2150 66 3
300 2150 66 4
66 2250 33 1
200 2250 100 1
466 2250 33 1
100 2350 100 4 
400 2350 33 2
466 2350 33 1
533 2350 33 2
0 2450 166 5
166 2450 166 4
400 2450 200 3